brain_predicted_n	project_n	brain_percent	project_id
18	18	100	ERP001304
6	6	100	SRP002274
12	12	100	SRP007483
4	4	100	SRP017809
25	25	100	SRP017933
14	14	100	SRP019762
4	4	100	SRP020661
5	5	100	SRP021924
16	16	100	SRP026048
38	38	100	SRP030628
5	5	100	SRP031501
20	20	100	SRP031868
11	11	100	SRP032539
11	11	100	SRP032540
8	8	100	SRP033078
6	6	100	SRP033291
5	5	100	SRP034929
35	35	100	SRP035524
13	13	100	SRP040622
17	17	100	SRP041044
18	18	100	SRP043684
7	7	100	SRP045590
72	72	100	SRP045638
12	12	100	SRP048683
4	4	100	SRP049333
11	11	100	SRP049776
69	69	100	SRP051844
4	4	100	SRP052817
4	4	100	SRP053043
9	9	100	SRP055440
4	4	100	SRP055730
10	10	100	SRP056287
8	8	100	SRP056604
15	15	100	SRP056863
73	73	100	SRP058181
4	4	100	SRP058640
8	8	100	SRP059579
6	6	100	SRP066394
21	21	100	SRP067645
61	62	98.39	SRP033725
52	53	98.11	SRP056477
51	52	98.08	SRP043364
92	94	97.87	SRP044668
32	33	96.97	SRP015668
29	30	96.67	SRP051331
263	274	95.99	SRP027383
47	49	95.92	ERP010930
22	23	95.65	ERP004592
20	21	95.24	DRP000499
14	15	93.33	SRP055447
13	14	92.86	SRP057855
18	20	90	SRP033464
14	16	87.5	SRP032798
7	8	87.5	SRP035417
35	41	85.37	SRP064454
5	6	83.33	ERP009841
10	12	83.33	SRP026562
5	6	83.33	SRP044749
10	12	83.33	SRP066009
12	15	80	SRP011903
8	10	80	SRP052294
14	18	77.78	SRP058351
3	4	75	SRP011130
3	4	75	SRP034737
6	8	75	SRP047459
1263	1720	73.43	SRP025982
10	14	71.43	SRP032476
4	6	66.67	SRP017577
4	6	66.67	SRP047339
4	6	66.67	SRP051468
4	6	66.67	SRP055027
8	12	66.67	SRP059692
13	20	65	SRP021130
38	60	63.33	SRP028336
5	8	62.5	SRP000617
5	8	62.5	SRP008775
5	8	62.5	SRP012098
5	8	62.5	SRP029281
5	8	62.5	SRP055858
10	16	62.5	SRP059379
256	422	60.66	SRP026126
3	5	60	SRP017777
14	24	58.33	SRP013825
24	42	57.14	SRP061682
7	13	53.85	SRP049475
18	34	52.94	SRP014675
2	4	50	DRP000425
4	8	50	ERP004697
2	4	50	SRP007351
2	4	50	SRP013912
4	8	50	SRP022028
2	4	50	SRP045126
3	6	50	SRP047422
4	8	50	SRP049264
4	8	50	SRP061880
16	33	48.48	SRP034875
7	15	46.67	SRP063070
5	11	45.45	SRP056792
10	23	43.48	DRP002623
201	466	43.13	SRP057196
9	21	42.86	SRP007412
5	12	41.67	SRP017959
2	5	40	ERP000619
2	5	40	SRP015370
4	10	40	SRP028705
2	5	40	SRP035862
6	16	37.5	SRP045118
109	303	35.97	SRP050892
12	34	35.29	ERP004043
2	6	33.33	SRP017019
2	6	33.33	SRP017684
2	6	33.33	SRP018010
4	12	33.33	SRP045632
2	6	33.33	SRP045876
2	6	33.33	SRP050260
2	6	33.33	SRP062617
3	9	33.33	SRP063620
17	52	32.69	SRP034712
7	23	30.43	SRP056957
7	23	30.43	SRP064378
9	30	30	SRP068078
26	87	29.89	ERP008608
5	17	29.41	SRP066895
2	7	28.57	SRP012099
3	11	27.27	SRP007359
13	48	27.08	SRP047194
2	8	25	SRP002640
1	4	25	SRP013463
1	4	25	SRP014009
1	4	25	SRP018837
3	12	25	SRP026620
1	4	25	SRP029401
2	8	25	SRP033711
5	20	25	SRP041159
1	4	25	SRP044715
1	4	25	SRP049453
1	4	25	SRP049967
1	4	25	SRP056498
1	4	25	SRP057213
6	25	24	SRP029889
3	13	23.08	SRP006474
11	48	22.92	SRP028170
2	9	22.22	SRP029434
2	9	22.22	SRP033432
2	9	22.22	SRP058740
9	42	21.43	SRP027589
4	19	21.05	SRP048761
13	62	20.97	SRP002079
5	24	20.83	SRP032165
5	24	20.83	SRP040525
150	734	20.44	SRP066834
1	5	20	SRP006908
1	5	20	SRP018242
1	5	20	SRP028814
4	20	20	SRP032789
1	5	20	SRP033502
2	10	20	SRP034528
3	15	20	SRP043027
2	10	20	SRP043688
1	5	20	SRP051118
2	10	20	SRP057766
3	16	18.75	SRP023548
7	38	18.42	SRP022054
16	88	18.18	SRP014428
6	33	18.18	SRP020486
5	29	17.24	SRP067701
1	6	16.67	ERP009612
1	6	16.67	SRP008746
2	12	16.67	SRP032953
1	6	16.67	SRP037719
1	6	16.67	SRP037762
1	6	16.67	SRP045481
1	6	16.67	SRP048669
1	6	16.67	SRP049237
1	6	16.67	SRP049823
1	6	16.67	SRP060650
1	6	16.67	SRP061329
3	19	15.79	SRP049981
2	13	15.38	SRP017395
3	20	15	SRP056969
8	54	14.81	SRP049097
2	14	14.29	ERP010177
2	14	14.29	SRP000931
1	7	14.29	SRP002543
1	7	14.29	SRP022260
2	15	13.33	SRP008331
113	875	12.91	SRP042161
1	8	12.5	ERP003495
1	8	12.5	SRP006309
2	16	12.5	SRP018719
2	16	12.5	SRP028738
1	8	12.5	SRP033498
1	8	12.5	SRP034698
2	16	12.5	SRP041833
1	8	12.5	SRP048889
4	32	12.5	SRP057852
1	8	12.5	SRP067836
3	25	12	SRP051644
6	53	11.32	SRP003611
4	36	11.11	SRP005279
1	9	11.11	SRP007494
2	18	11.11	SRP028963
1	9	11.11	SRP041531
2	18	11.11	SRP057804
1	9	11.11	SRP064803
10	99	10.1	SRP019994
1	10	10	ERP000573
1	10	10	SRP013363
2	20	10	SRP031496
1	10	10	SRP040275
37	384	9.64	SRP061240
1	11	9.09	ERP008492
3	33	9.09	SRP062389
5	57	8.77	ERP005938
5	57	8.77	ERP007185
1	12	8.33	SRP001893
1	12	8.33	SRP016003
1	12	8.33	SRP019807
1	12	8.33	SRP023270
2	24	8.33	SRP041377
23	290	7.93	SRP057500
3	38	7.89	SRP002326
1	13	7.69	SRP017352
1	13	7.69	SRP057745
15	201	7.46	SRP040547
2	27	7.41	SRP002915
1	14	7.14	ERP001317
1	14	7.14	SRP003726
3	42	7.14	SRP012557
1	14	7.14	SRP049479
11	156	7.05	SRP003754
2	29	6.9	SRP016568
2	29	6.9	SRP049068
3	44	6.82	SRP041179
1	15	6.67	SRP014142
3	45	6.67	SRP036821
7	111	6.31	SRP055513
1	16	6.25	ERP003984
1	16	6.25	SRP007338
1	16	6.25	SRP048701
43	696	6.18	SRP041736
1	17	5.88	ERP002063
1	17	5.88	SRP009247
1	17	5.88	SRP019810
1	17	5.88	SRP029953
1	18	5.56	ERP012180
1	18	5.56	SRP010350
2	39	5.13	SRP011085
1	20	5	SRP052998
2	41	4.88	SRP051765
3	62	4.84	SRP018838
1	21	4.76	ERP003791
2	42	4.76	SRP009266
1	23	4.35	SRP000729
1	23	4.35	SRP000762
1	23	4.35	SRP031459
7	167	4.19	SRP001371
2	48	4.17	ERP000546
1	24	4.17	SRP028180
1	24	4.17	SRP035554
1	24	4.17	SRP044042
1	24	4.17	SRP067661
1	25	4	SRP042184
1	26	3.85	DRP001919
2	52	3.85	SRP058773
1	28	3.57	SRP044766
2	56	3.57	SRP061881
3	85	3.53	ERP006077
4	114	3.51	SRP006575
3	88	3.41	SRP058856
1	30	3.33	SRP009310
2	60	3.33	SRP047192
3	95	3.16	SRP059458
9	286	3.15	SRP040472
1	32	3.12	SRP000996
1	32	3.12	SRP064264
1	34	2.94	SRP007946
2	68	2.94	SRP033248
1	35	2.86	SRP051249
1	35	2.86	SRP052896
1	36	2.78	SRP040442
5	192	2.6	SRP059775
1	39	2.56	SRP028530
1	40	2.5	SRP000599
2	80	2.5	SRP023262
14	609	2.3	SRP067502
2	96	2.08	SRP040288
1	48	2.08	SRP042027
2	98	2.04	SRP055153
8	406	1.97	SRP049593
1	53	1.89	SRP017575
3	168	1.79	SRP042620
1	56	1.79	SRP057205
3	169	1.78	SRP052740
3	171	1.75	ERP003613
1	62	1.61	SRP050440
1	63	1.59	ERP001908
1	64	1.56	SRP026537
1	67	1.49	SRP007825
3	201	1.49	SRP059035
1	68	1.47	SRP015640
1	73	1.37	SRP062025
1	78	1.28	ERP010142
1	80	1.25	SRP018853
4	328	1.22	SRP050499
1	82	1.22	SRP064259
1	83	1.2	SRP050272
4	345	1.16	SRP000941
2	205	0.98	SRP007461
1	106	0.94	SRP036848
3	337	0.89	DRP001358
1	113	0.88	SRP030617
1	121	0.83	SRP063840
1	124	0.81	SRP011546
1	134	0.75	SRP040070
4	643	0.62	SRP055569
2	362	0.55	SRP019272
1	185	0.54	SRP033566
2	477	0.42	DRP002435
1	245	0.41	SRP006574
1	255	0.39	DRP002586
1	313	0.32	SRP041471
1	384	0.26	SRP033135
1	460	0.22	SRP050992
1	667	0.15	ERP001942
1	648	0.15	SRP060416
